393	394
642	780
777	449
548	473
470	401
274	441
61	613
281	581
109	436
684	17
826	80
237	22
614	722
310	98
98	631
743	427
675	456
957	10
111	992
516	653
361	140
294	875
421	589
814	559
564	799
438	439
463	197
402	27
35	303
988	250
286	547
126	127
2	505
406	812
922	83
223	946
124	981
111	793
243	54
831	832
763	525
357	347
230	196
745	899
901	245
558	924
987	931
717	7
969	711
600	601
290	979
428	537
30	582
70	282
58	729
717	280
96	649
882	883
70	14
772	164
256	198
631	560
398	78
200	186
516	103
251	473
456	886
749	435
759	760
398	552
343	344
425	426
292	293
286	672
975	102
75	578
205	286
255	46
389	472
973	299
298	382
528	997
755	756
481	456
441	948
979	168
70	434
695	706
428	481
594	367
780	215
445	417
581	357
692	111
392	883
953	803
225	226
77	981
893	193
930	866
402	897
366	515
746	747
190	207
465	42
518	519
354	965
457	652
175	685
532	429
336	846
369	370
149	593
710	466
457	907
375	355
823	963
341	368
917	918
198	437
915	646
165	690
535	968
618	259
360	864
354	460
851	852
726	727
168	727
196	399
647	413
293	30
803	42
107	753
809	810
424	78
699	96
717	341
163	164
671	624
306	513
924	28
470	799
886	647
692	907
658	158
261	241
892	861
126	390
46	492
68	99
121	362
610	662
749	59
833	173
424	91
613	932
986	391
912	794
99	361
447	671
252	134
322	816
864	798
61	459
647	298
791	655
828	443
798	747
876	941
573	552
620	268
480	784
816	999
78	79
266	370
154	801
541	298
184	773
861	507
986	441
659	909
492	125
349	350
76	840
217	146
258	503
952	123
674	755
125	582
756	903
278	754
668	905
910	721
926	617
540	117
106	174
853	882
350	922
469	96
39	108
505	107
135	876
877	673
866	283
298	28
155	337
281	268
120	121
8	151
81	82
605	702
122	350
988	280
377	239
654	467
255	128
99	176
733	932
447	919
120	715
654	852
316	915
790	798
783	983
574	440
906	91
415	416
56	963
5	6
744	695
632	237
583	723
148	859
806	864
580	809
88	135
620	621
876	200
826	761
205	236
580	818
999	718
912	506
395	179
347	348
962	786
293	583
613	243
858	780
663	738
162	924
347	552
682	959
202	407
515	361
915	841
249	684
129	251
771	541
494	927
330	731
594	548
468	974
814	699
86	999
677	678
307	652
686	687
546	595
589	215
976	61
400	840
103	415
218	219
642	970
323	228
611	612
142	277
173	32
925	96
880	461
754	667
934	724
770	693
195	146
183	766
784	953
253	415
722	224
321	322
302	141
318	768
249	543
456	445
919	359
252	91
979	20
303	304
54	188
346	92
889	346
238	416
185	153
968	393
414	100
815	452
833	318
896	114
290	301
524	298
507	373
719	401
712	523
328	283
653	972
916	917
653	335
379	778
337	847
170	332
675	956
692	273
275	387
30	967
141	142
625	974
427	428
718	324
249	449
859	17
439	397
641	941
555	556
483	484
228	958
444	384
142	704
301	302
322	883
709	449
321	986
283	284
615	863
866	790
310	912
827	650
58	721
96	246
464	465
829	434
716	717
839	148
404	841
622	562
509	828
588	876
132	564
951	952
837	802
51	482
464	813
471	819
225	116
413	54
703	643
236	748
202	203
232	875
534	535
876	274
988	187
709	726
197	476
786	264
204	696
620	21
39	796
474	494
137	374
427	119
67	588
264	576
6	206
937	145
653	13
988	989
678	679
628	736
236	967
711	300
569	570
707	977
895	950
503	312
390	749
278	279
300	690
257	968
10	552
29	30
81	378
929	503
159	531
242	40
87	184
708	371
594	595
85	17
892	701
984	447
34	417
751	980
693	512
626	387
270	271
85	155
952	911
943	944
503	583
84	219
472	12
137	252
752	67
755	631
444	78
811	503
779	458
322	406
709	989
104	399
613	90
387	957
670	790
297	700
958	959
350	184
936	937
388	42
20	21
815	658
157	344
328	86
684	348
604	359
458	473
489	837
857	120
643	65
756	796
252	289
507	162
757	231
922	29
896	738
468	622
561	40
583	482
233	568
261	392
710	189
264	191
167	795
394	403
531	204
843	195
625	198
357	426
723	188
996	347
890	451
72	495
469	583
303	703
352	681
205	690
859	30
842	140
642	352
255	563
20	762
931	828
280	856
798	794
948	3
966	53
642	480
468	469
626	965
246	553
659	240
505	474
614	372
792	736
885	537
964	965
463	916
839	624
949	402
549	550
537	381
376	157
41	427
548	970
656	547
856	242
628	933
424	425
515	780
657	995
902	903
364	441
77	854
666	997
632	544
336	337
648	550
206	207
257	554
271	811
427	513
944	529
388	470
961	962
285	978
155	400
472	192
202	420
152	859
344	874
521	589
944	799
955	262
683	404
912	921
358	661
345	527
630	870
758	759
81	538
121	2
472	473
29	844
47	177
615	526
426	938
415	702
215	443
144	145
914	962
197	937
628	902
684	72
597	117
666	938
635	762
253	254
608	929
30	143
76	325
970	58
145	146
931	705
345	556
842	68
779	987
890	305
562	563
637	638
664	931
435	263
162	472
822	992
867	284
742	488
588	119
630	40
15	496
711	617
869	659
606	303
433	49
450	127
681	362
443	186
954	857
893	900
504	701
352	267
335	276
605	152
626	611
272	260
390	799
833	784
721	858
700	534
87	15
112	75
844	672
984	614
906	751
396	175
616	734
273	84
460	425
674	542
380	364
844	506
244	245
573	460
315	676
243	627
557	227
173	174
654	250
341	681
349	336
21	964
965	227
590	641
620	928
814	961
532	398
824	281
789	357
630	328
287	696
67	512
60	489
769	278
887	210
700	797
437	57
549	780
664	482
959	960
743	946
707	840
713	714
329	817
357	441
806	215
863	754
840	768
204	205
436	716
55	569
469	686
752	607
490	295
662	663
259	361
509	897
189	581
744	285
188	821
263	445
512	826
515	394
114	893
668	961
304	417
217	154
722	78
952	287
264	351
197	840
995	865
677	559
145	762
511	512
248	319
140	98
302	303
893	187
840	97
384	385
762	763
228	163
109	886
974	267
545	643
397	822
21	258
116	856
648	33
234	679
820	222
685	724
84	85
732	415
518	126
391	392
994	187
742	983
879	216
11	898
345	346
169	407
672	321
47	682
755	374
527	34
345	819
518	235
293	294
296	303
854	1000
463	265
456	158
666	66
654	520
2	440
908	909
542	543
466	12
275	615
327	381
508	78
459	460
668	756
263	804
239	240
481	236
840	440
389	494
315	875
17	593
277	326
124	133
269	725
188	189
934	354
572	353
73	815
791	2
570	912
883	884
311	188
173	243
699	863
586	227
706	307
575	351
911	912
877	809
719	589
496	54
607	897
970	971
816	817
774	949
402	515
342	435
967	650
472	243
870	237
794	248
985	367
227	220
753	10
433	161
565	241
78	738
948	361
56	655
38	969
226	917
82	947
910	54
292	687
888	494
73	730
911	983
344	320
936	368
989	54
507	148
439	29
418	298
399	247
477	747
153	9
875	876
448	449
701	58
114	115
77	132
402	688
47	56
184	23
111	126
427	526
510	921
17	340
712	713
116	117
857	931
32	586
727	934
423	688
137	89
501	371
742	751
154	43
962	522
474	986
319	227
243	912
820	814
331	94
69	146
737	476
146	7
849	556
917	381
991	162
288	235
120	207
377	457
870	471
149	161
677	789
484	730
648	972
852	101
759	16
932	500
802	6
504	533
41	332
440	704
346	904
199	194
533	91
953	548
134	848
546	547
473	615
524	336
523	552
445	649
314	193
130	179
729	641
975	740
553	487
753	941
112	414
870	259
433	434
671	362
645	211
426	966
444	835
285	874
109	475
313	514
79	300
994	665
492	359
343	857
497	498
947	36
1000	476
238	204
313	91
425	232
997	875
187	752
188	132
201	63
314	315
208	747
772	631
506	636
57	827
88	89
112	46
475	216
863	893
998	381
473	474
148	244
771	813
139	392
368	823
606	764
395	280
776	474
254	565
997	999
219	772
455	784
286	831
629	876
432	216
719	848
159	967
580	266
504	802
307	879
595	918
435	551
252	181
975	976
653	276
923	91
854	481
662	246
211	380
430	504
731	18
263	561
223	276
56	57
800	506
201	159
801	388
336	978
653	497
828	990
194	525
515	166
672	495
5	931
870	604
43	502
86	496
115	204
618	673
390	963
661	830
234	520
167	632
603	788
963	970
969	345
107	609
389	40
417	622
802	677
75	408
523	524
611	321
212	641
443	781
815	816
21	569
869	572
726	719
445	667
982	357
710	450
909	910
438	359
161	237
228	833
203	663
386	748
445	715
327	597
984	764
19	290
212	839
896	977
922	321
824	144
149	667
811	435
398	516
406	490
465	600
841	321
294	165
97	982
504	44
939	170
714	513
159	836
436	437
529	530
950	143
434	350
985	37
536	537
287	93
943	440
1000	548
581	582
745	156
363	364
991	992
735	936
845	60
260	368
444	988
621	622
899	596
682	942
23	939
231	949
650	651
26	559
76	25
304	974
728	973
874	916
518	544
36	37
967	150
103	743
210	697
382	469
690	274
566	698
186	567
832	269
247	126
374	951
53	399
11	163
751	890
243	244
991	43
484	752
344	835
8	376
21	16
642	643
3	455
276	263
850	851
428	429
768	636
690	713
403	732
216	667
738	546
71	252
979	428
982	149
818	819
34	918
427	151
442	536
986	822
996	997
927	928
90	423
651	70
764	204
660	967
252	649
855	658
814	832
736	202
995	598
656	977
178	882
327	884
873	985
151	809
653	518
200	887
167	879
217	145
321	656
827	158
254	255
21	22
828	708
62	63
840	586
733	441
299	580
297	656
281	860
725	726
730	825
342	343
483	980
380	45
323	794
696	781
32	546
540	662
599	864
613	947
665	205
60	354
527	489
926	927
429	487
92	419
448	113
767	730
851	196
981	965
359	508
550	124
53	581
118	192
323	599
927	74
589	590
137	138
960	336
218	255
388	449
53	284
516	848
918	919
345	575
35	256
900	896
733	831
94	57
341	824
189	691
451	466
708	239
401	337
46	111
147	333
932	641
672	5
96	97
106	310
305	306
502	326
899	765
636	637
482	153
667	363
327	328
703	502
346	347
507	812
783	105
112	113
132	812
586	223
386	536
784	319
488	609
706	433
841	497
965	817
544	402
333	865
487	991
451	240
963	217
772	35
572	907
947	166
618	930
328	53
285	549
41	344
852	335
671	672
972	428
886	887
245	900
481	218
157	330
14	805
580	581
602	573
371	665
545	316
312	531
649	390
20	584
615	298
147	143
986	987
256	489
110	583
519	325
482	483
987	245
825	131
354	355
310	751
655	109
544	124
323	324
785	812
958	877
582	148
263	492
514	902
337	338
180	181
829	418
852	604
549	801
913	367
779	147
300	437
115	859
597	520
236	792
580	636
279	126
65	66
631	204
938	678
903	138
37	313
139	252
467	785
673	335
138	139
73	74
429	772
485	458
333	101
885	434
21	882
130	868
690	770
762	194
85	26
192	606
916	788
101	53
75	149
248	84
35	455
48	750
136	983
268	443
596	597
392	421
160	850
113	155
891	56
238	236
101	225
758	200
234	607
956	366
9	347
670	445
914	268
722	614
476	198
251	100
40	452
191	148
561	154
937	107
162	547
326	363
11	12
863	359
554	542
454	829
145	333
379	494
6	774
334	4
461	224
308	939
885	233
611	438
949	962
484	485
940	664
233	540
194	320
456	616
944	737
451	452
418	432
380	713
377	378
99	372
543	804
123	124
601	118
219	654
942	963
389	747
307	308
694	53
976	397
97	98
553	705
531	217
141	831
11	864
752	753
605	337
688	433
563	237
328	853
208	209
142	511
231	689
108	109
6	909
857	523
389	683
448	367
224	164
904	312
495	379
403	257
332	579
66	254
915	26
621	348
852	606
791	885
403	404
74	798
278	772
686	45
681	1000
902	979
27	141
492	711
462	209
765	156
14	667
359	360
449	357
165	166
495	594
640	368
452	453
278	231
88	462
777	950
481	753
724	375
326	918
208	608
753	416
329	285
584	837
817	375
485	850
877	878
575	49
376	636
35	36
745	921
467	843
258	830
975	53
230	169
318	722
86	87
228	229
513	814
129	230
625	792
583	907
280	984
920	911
365	366
122	502
32	983
390	234
980	981
507	548
616	617
864	865
857	511
25	317
56	212
163	701
948	501
332	878
703	704
359	940
603	936
687	696
996	39
477	111
551	812
861	483
166	159
597	14
661	998
648	983
173	525
151	56
647	986
47	803
333	912
336	656
21	904
607	214
516	828
726	259
9	587
193	194
632	773
285	359
467	983
612	613
940	957
691	83
671	634
705	162
631	993
79	322
465	535
17	517
94	340
576	533
447	448
53	340
950	89
781	675
224	131
609	578
650	876
989	990
577	57
140	638
310	311
649	211
188	438
130	757
186	520
461	462
692	670
420	778
14	718
824	393
549	144
879	383
701	847
104	621
961	342
271	753
160	457
783	669
276	277
650	423
806	572
48	183
171	172
162	230
433	623
470	982
146	149
832	171
287	662
488	1
237	3
727	376
272	292
699	663
782	990
377	936
45	767
683	853
232	233
136	676
233	771
395	432
723	621
467	590
710	679
610	829
338	618
660	192
731	335
234	235
943	169
628	272
801	405
634	603
679	313
609	303
448	502
649	72
667	768
976	97
681	624
672	968
315	248
533	119
418	419
823	646
760	761
200	201
101	538
705	691
500	227
59	749
203	767
65	413
189	984
287	288
63	205
643	644
831	214
305	391
80	81
854	650
209	42
786	219
599	792
186	120
584	157
511	774
373	143
203	881
99	560
235	813
573	434
919	440
145	308
609	606
589	954
929	930
884	885
164	857
953	770
299	431
60	254
336	27
977	652
628	458
294	295
338	667
845	298
276	461
277	123
857	269
771	967
828	843
899	781
49	50
657	326
575	605
59	257
678	921
9	10
615	786
617	689
991	353
145	330
261	433
524	315
444	400
654	655
248	986
187	157
458	876
820	153
694	692
662	715
9	964
232	314
241	430
344	163
913	941
426	471
256	618
528	529
446	915
485	746
309	940
233	333
814	586
894	113
139	140
919	189
446	447
569	295
86	170
264	917
739	805
996	575
192	406
737	530
807	987
515	170
118	933
813	677
417	266
74	982
8	128
609	861
451	553
40	913
884	916
683	684
9	788
472	971
100	148
577	692
481	667
25	328
754	956
205	206
480	567
311	997
907	197
155	429
562	217
345	96
813	859
374	276
607	450
448	745
383	329
599	600
999	744
902	211
730	433
866	362
677	4
610	508
82	224
586	664
33	34
315	316
931	548
591	579
143	144
663	818
881	354
463	443
100	274
345	325
959	961
14	366
542	889
424	282
835	504
612	797
36	676
845	664
510	511
42	806
174	129
612	714
626	947
237	337
990	991
91	924
65	427
562	200
599	719
369	632
340	151
776	659
55	559
24	986
41	42
806	697
267	15
837	277
669	670
708	186
467	468
580	42
741	65
244	148
539	540
440	16
538	539
938	472
16	195
430	431
721	370
521	282
748	424
312	313
698	478
241	862
64	738
108	28
308	995
959	700
400	740
232	502
771	189
623	39
26	337
34	659
535	536
709	680
17	18
928	497
92	93
676	677
261	262
623	608
580	651
848	477
254	908
728	445
401	599
631	935
563	603
891	185
482	513
939	601
396	942
373	587
115	641
585	586
806	425
51	787
559	897
769	770
859	121
242	243
445	157
282	710
964	779
621	188
818	250
44	807
892	859
820	946
442	706
404	911
754	750
627	183
429	643
566	856
555	25
458	730
420	195
175	176
295	136
319	193
593	43
663	48
984	985
118	116
194	479
280	513
322	969
402	403
761	885
329	892
420	214
700	342
683	405
8	573
972	512
16	872
714	79
156	157
203	890
817	570
197	365
420	275
137	419
376	668
765	884
789	385
75	77
966	798
898	899
356	549
454	387
423	101
620	508
619	620
243	542
389	994
681	76
246	925
926	769
840	882
788	265
233	716
762	688
604	605
78	952
30	369
808	916
128	441
285	286
947	582
982	714
579	473
233	585
863	880
267	734
435	642
630	804
474	492
155	120
213	914
635	21
94	472
485	768
532	41
6	7
697	327
983	378
727	118
862	548
8	9
722	698
565	47
528	718
390	218
348	244
905	525
109	477
170	800
474	725
24	114
722	904
214	215
206	334
373	35
146	536
36	48
821	331
962	82
226	227
871	659
414	535
522	378
664	434
296	71
376	999
752	126
308	277
869	291
49	887
357	358
799	149
108	122
327	375
848	35
608	729
477	154
163	703
105	735
929	257
400	77
129	254
659	563
869	774
115	674
37	739
169	170
435	65
153	986
374	375
654	689
258	523
350	372
895	896
148	149
329	343
761	30
772	464
808	809
137	195
827	465
560	76
289	119
397	881
986	36
605	888
748	116
863	589
597	55
198	764
363	78
712	997
437	693
928	111
878	879
94	95
386	282
656	290
984	543
581	859
419	441
746	510
860	33
800	841
305	126
151	152
368	321
903	904
585	768
43	537
405	219
705	102
75	358
725	378
279	347
834	883
932	933
767	988
512	911
921	129
259	488
533	534
31	533
407	401
683	963
640	116
390	317
335	458
865	363
45	131
486	666
226	617
602	958
422	423
974	70
820	439
866	77
406	407
549	64
264	139
267	374
191	662
30	398
386	457
520	114
243	879
911	774
841	645
26	718
240	707
495	155
808	272
943	657
462	508
653	654
469	640
26	278
910	911
565	554
490	736
597	598
954	401
746	593
613	614
551	97
911	132
935	652
697	84
1000	751
278	179
47	442
304	731
127	34
591	447
313	849
468	802
29	840
742	345
840	431
876	123
137	582
508	562
359	665
286	700
306	307
429	430
234	999
441	849
235	16
932	413
17	236
625	626
355	356
655	563
378	104
541	143
702	787
397	398
88	139
873	954
848	644
785	839
403	215
795	454
732	733
48	66
840	440
442	443
430	59
236	337
727	77
164	235
632	699
573	35
811	593
704	6
817	294
369	299
287	368
501	447
612	3
574	38
650	923
626	574
765	877
893	894
359	772
255	905
715	473
191	192
494	685
649	650
971	962
540	659
357	563
493	56
225	259
985	952
990	294
726	502
397	901
941	883
482	544
868	166
378	672
573	413
859	668
570	653
733	9
230	329
5	394
37	193
851	281
392	252
917	740
827	620
203	323
388	109
882	310
605	588
565	74
458	264
749	231
145	968
110	456
759	981
389	312
367	162
629	630
839	840
543	308
378	268
505	791
564	368
634	534
795	773
964	513
425	597
386	387
26	144
341	964
28	367
31	535
868	251
5	704
628	958
403	277
16	7
868	869
403	576
140	747
297	298
400	401
174	72
19	948
638	727
303	718
168	673
514	515
779	959
614	98
664	232
164	165
217	288
685	422
172	834
855	555
815	893
752	940
760	853
89	31
263	984
992	466
30	116
995	579
268	269
8	514
198	113
178	626
652	768
784	280
509	104
584	707
258	780
520	420
192	173
221	390
95	769
588	589
608	583
876	899
709	473
234	314
9	537
874	959
888	190
486	997
87	257
10	793
147	148
851	844
303	429
164	103
824	825
525	972
503	504
872	40
742	159
916	514
89	213
752	108
580	933
673	226
513	426
802	450
737	940
675	676
646	942
334	335
318	319
455	986
479	177
223	395
177	178
499	934
528	934
44	45
821	822
764	684
274	482
573	520
167	613
489	617
526	793
65	446
518	473
616	142
839	58
407	478
308	637
749	750
860	579
421	170
306	485
341	79
246	897
371	623
786	340
803	647
762	776
48	906
929	670
261	180
473	348
140	141
170	425
852	853
538	938
217	16
51	845
748	749
962	586
185	313
284	16
710	711
457	126
468	117
246	247
691	472
606	547
476	236
207	930
316	149
519	861
761	366
14	250
819	136
472	925
913	914
525	679
733	589
940	941
357	580
22	128
435	127
458	999
453	382
975	790
416	417
165	869
170	489
675	506
719	234
852	284
937	892
303	824
240	241
62	253
981	711
880	172
161	41
421	589
230	857
331	391
289	75
201	202
893	283
427	291
993	845
564	565
62	957
277	599
945	262
719	720
194	828
272	426
840	121
923	89
338	71
938	877
77	844
714	165
221	531
743	921
450	27
362	515
894	895
318	48
448	247
559	712
521	857
800	150
224	225
865	815
647	894
53	577
5	198
11	763
421	700
665	736
994	240
531	214
210	333
193	243
281	497
558	320
289	810
73	649
181	507
37	568
593	165
60	61
561	916
987	891
937	938
110	582
43	10
190	687
276	878
719	222
826	51
617	928
419	484
512	72
205	441
495	941
497	998
471	713
146	144
130	365
23	24
383	76
61	838
733	686
547	548
673	674
621	161
241	301
566	567
852	717
235	236
121	579
911	332
95	133
960	131
461	819
920	702
580	10
515	612
154	235
155	791
904	229
464	403
120	390
209	505
673	202
128	285
250	767
270	525
222	802
170	311
270	814
916	545
904	970
386	819
26	850
832	833
667	489
514	331
984	737
460	360
806	778
263	255
208	98
780	407
730	731
627	749
580	181
19	291
700	184
914	774
547	832
949	644
790	359
185	186
652	655
492	354
497	4
103	773
116	494
802	103
144	870
217	344
252	253
786	83
449	910
797	591
52	53
376	341
649	276
480	966
764	420
636	905
121	869
848	749
370	521
742	778
82	940
912	783
197	198
743	636
209	112
612	254
287	655
174	806
438	403
87	324
562	249
691	962
957	522
981	962
279	511
399	232
632	633
712	672
265	269
288	671
461	6
21	467
391	999
471	472
841	169
444	770
117	749
689	854
993	994
50	511
214	986
754	123
463	594
56	175
2	713
654	890
517	492
951	52
362	149
1000	478
493	314
829	477
490	277
509	973
614	667
343	243
822	507
376	794
511	853
360	623
496	364
380	131
137	901
787	788
400	689
856	721
843	844
532	471
750	865
952	200
315	428
798	326
324	140
630	151
349	210
793	580
454	534
285	908
722	339
358	359
798	995
297	89
698	302
872	867
760	459
354	41
272	981
736	172
720	411
774	608
933	939
949	627
767	387
50	51
516	266
148	241
55	287
412	945
349	312
238	239
866	867
92	890
907	841
368	369
710	76
203	204
435	786
239	6
912	968
574	605
321	309
648	427
285	687
367	994
878	909
852	718
693	694
351	352
946	947
807	808
447	6
38	39
918	947
883	214
26	752
610	487
737	295
114	356
505	31
120	333
589	140
157	345
938	666
855	37
801	98
477	478
550	703
772	15
724	199
684	812
199	58
724	725
987	954
876	964
297	752
517	665
905	351
415	494
998	647
29	921
220	610
860	184
940	474
974	88
96	194
514	736
584	547
474	529
874	875
179	186
757	758
882	198
997	638
40	39
593	163
3	190
520	524
942	943
790	668
874	834
837	555
825	958
317	795
33	573
155	597
946	578
806	807
789	862
124	59
107	618
331	340
667	489
830	903
157	158
876	877
748	594
467	271
122	281
652	316
702	703
905	255
196	28
498	521
599	505
126	18
243	183
200	757
450	108
938	843
553	207
293	369
664	665
925	276
830	196
230	556
556	574
154	280
430	497
716	108
902	53
168	279
677	866
102	499
371	372
502	607
553	358
481	839
620	298
946	578
657	584
447	42
656	170
280	339
856	993
702	361
745	977
113	235
786	972
494	834
919	842
830	37
745	673
369	192
90	857
586	768
732	735
61	21
629	517
679	73
663	538
810	871
156	485
534	287
661	259
96	828
737	463
901	821
830	612
693	379
810	329
417	418
450	451
754	65
163	451
757	913
120	926
229	69
753	754
660	740
949	572
163	449
281	969
663	34
78	116
460	194
602	122
73	68
335	608
948	516
234	809
733	678
139	618
168	1
134	135
731	622
374	189
128	157
943	484
133	275
231	889
17	540
909	875
537	97
3	679
635	636
950	190
279	240
234	594
498	695
150	910
762	544
187	140
563	364
496	784
434	435
89	411
102	301
471	232
253	146
993	356
440	200
391	134
453	454
931	797
179	542
25	533
843	899
893	643
563	733
106	168
661	662
66	67
412	413
947	948
121	122
784	509
87	88
629	361
440	826
143	883
101	102
274	597
562	694
247	781
886	172
478	791
153	186
916	88
903	295
319	320
139	314
743	487
975	49
694	120
66	956
859	221
939	593
355	632
857	964
950	951
280	229
726	598
992	542
509	532
600	464
882	907
212	587
715	90
176	144
794	795
551	628
282	559
134	467
523	53
497	550
452	761
499	500
724	260
848	983
198	14
456	682
499	149
226	468
279	553
353	885
324	533
386	908
871	615
647	219
602	326
118	801
742	679
274	141
74	624
972	410
586	365
743	529
970	191
796	306
877	973
731	947
37	278
339	340
110	151
311	312
219	387
809	605
42	43
244	929
607	836
765	766
406	593
105	218
270	727
557	697
716	15
747	771
744	745
532	852
690	646
963	606
203	12
389	757
872	435
412	66
81	792
900	533
768	524
49	565
467	127
982	781
525	506
306	874
500	873
170	594
767	452
136	857
915	950
778	209
367	281
36	771
879	523
920	612
491	492
748	850
712	846
421	626
35	29
53	54
712	387
47	281
367	675
32	856
457	458
717	878
583	584
385	565
50	314
399	981
398	399
370	306
283	7
213	472
937	103
651	697
921	768
308	473
841	262
443	536
514	218
840	130
859	680
813	447
828	915
13	507
501	691
628	917
919	397
109	110
750	655
219	321
821	34
817	439
781	355
180	857
650	46
927	658
822	431
509	21
154	155
773	126
322	46
343	752
977	967
435	73
607	608
399	400
169	961
964	513
152	459
404	379
414	415
607	915
3	796
604	830
24	968
246	228
648	649
913	396
953	604
500	123
57	58
202	504
979	924
828	308
946	297
298	13
687	688
954	183
879	880
774	725
799	341
498	692
935	936
872	146
516	476
950	502
957	881
816	774
499	105
131	488
359	881
783	993
202	659
708	536
946	464
105	747
41	29
370	371
201	266
248	211
445	553
200	171
101	785
586	574
732	490
458	459
451	893
728	562
323	974
585	810
778	779
547	662
797	553
518	847
312	286
198	760
277	998
894	508
376	740
928	820
649	866
601	147
599	661
492	884
24	934
380	539
64	800
723	552
179	180
689	414
837	527
821	444
424	525
6	870
560	328
980	390
854	707
350	532
689	626
9	226
255	47
40	377
206	100
98	99
657	478
94	939
858	739
653	710
251	1
624	362
499	715
739	206
188	422
115	861
819	105
211	10
970	895
359	773
12	13
986	595
998	641
915	210
151	922
383	121
801	224
128	924
966	597
520	521
477	333
655	656
276	5
9	654
837	209
378	635
680	192
989	369
678	95
366	76
400	738
845	966
939	314
516	919
540	810
289	290
754	727
113	114
280	138
304	305
390	443
737	879
793	794
216	217
53	7
999	29
992	278
487	488
144	220
1000	223
147	337
572	764
719	691
736	737
456	186
713	152
364	547
155	156
711	365
600	387
789	821
976	543
259	358
385	9
341	342
564	497
879	588
943	395
897	905
251	679
76	958
649	90
659	660
257	200
979	980
735	761
237	389
947	572
375	979
366	367
823	382
601	78
614	670
538	520
619	925
978	930
940	279
988	766
526	778
27	746
8	947
506	283
160	435
47	511
270	799
207	661
345	625
556	99
890	855
783	487
776	351
537	82
327	916
817	779
418	866
778	651
617	214
171	139
174	553
44	674
790	511
641	231
304	330
691	101
923	779
162	785
901	902
493	329
416	303
499	535
434	526
830	659
582	147
808	692
682	941
618	724
348	820
682	257
715	864
234	581
419	310
544	567
774	685
708	709
955	596
215	832
273	753
590	890
984	25
544	471
816	894
739	552
591	990
878	589
633	815
496	128
181	810
928	458
410	163
163	73
965	75
631	56
873	874
954	61
850	482
285	971
291	292
127	337
498	882
921	922
113	546
936	898
394	515
360	591
438	264
569	446
450	993
717	232
376	999
979	15
976	192
303	315
200	900
88	561
728	708
362	46
118	119
1	502
824	937
389	390
15	737
693	915
711	712
790	262
731	429
798	799
505	354
390	480
444	893
564	655
521	291
264	581
830	510
928	187
551	697
937	943
167	486
787	902
576	157
599	253
544	794
397	477
295	199
242	60
475	476
387	709
24	360
423	981
379	983
304	445
954	104
133	831
976	109
741	30
215	549
138	85
878	45
938	980
951	568
820	821
8	389
265	266
710	755
840	786
396	762
117	382
324	227
82	83
888	400
53	342
379	380
794	724
955	358
376	493
51	52
382	647
309	694
502	211
483	146
784	746
197	690
290	190
640	799
565	845
64	65
919	920
830	777
153	632
874	220
198	65
797	401
523	677
427	955
808	249
469	60
190	643
767	768
343	496
333	551
924	4
101	233
201	547
28	490
730	340
781	556
826	781
608	644
727	188
369	990
373	449
390	389
949	146
742	907
260	896
494	146
799	399
169	838
705	652
328	599
73	914
738	739
388	389
90	616
743	702
260	259
484	1000
18	136
503	600
846	847
499	394
164	639
372	781
277	83
288	289
564	915
663	247
316	217
740	599
494	127
7	453
706	566
841	842
132	835
308	893
602	873
563	326
58	338
460	92
219	967
484	164
454	401
983	850
943	866
176	664
836	105
651	140
867	346
700	177
457	878
694	695
948	162
498	239
763	952
155	561
525	649
955	956
464	411
585	992
137	103
905	344
199	946
334	138
686	725
746	521
605	624
332	855
330	988
77	78
473	606
536	542
97	434
246	627
222	43
398	649
438	809
745	672
731	919
548	539
132	336
984	303
6	425
81	171
708	595
460	438
381	382
111	445
976	47
762	877
361	362
295	555
995	827
790	791
575	692
816	208
999	381
332	48
249	735
339	96
534	381
477	357
643	265
809	780
217	82
591	787
260	982
965	538
840	416
231	712
782	371
242	214
136	21
213	598
207	56
271	919
141	402
184	371
958	111
554	252
129	222
614	947
224	113
405	722
820	350
326	327
374	90
247	248
188	466
301	496
318	647
930	657
902	970
557	558
583	273
902	330
627	43
665	384
696	311
568	569
967	305
877	983
759	362
926	67
562	750
118	837
920	166
840	243
57	87
312	962
17	329
299	959
708	999
960	980
732	257
965	243
320	121
137	409
715	211
219	220
747	537
937	72
825	692
994	943
460	3
665	32
785	278
934	621
87	275
415	724
133	348
552	782
499	107
648	327
718	148
623	192
736	765
701	702
455	861
621	580
317	318
846	166
203	633
292	281
404	405
734	664
743	68
106	257
683	710
872	746
536	485
361	290
806	792
876	807
321	672
367	564
625	536
491	318
743	447
469	678
940	504
442	769
955	893
171	276
838	877
684	674
320	340
867	805
496	285
795	999
234	466
656	572
822	823
415	201
288	697
143	832
132	216
607	568
508	715
938	525
718	712
705	195
32	544
444	56
962	341
373	9
855	287
930	87
471	977
593	594
788	252
152	945
474	475
71	178
43	63
467	233
459	397
597	675
680	701
90	387
623	911
92	720
133	668
606	389
947	208
142	740
542	306
263	415
653	289
75	299
457	128
415	339
579	294
499	871
835	836
999	545
902	970
29	947
788	738
677	331
232	865
200	921
209	47
255	256
69	70
944	945
372	933
189	915
619	736
798	48
829	604
111	733
189	946
777	778
580	869
987	781
550	747
952	953
860	861
725	616
59	911
696	227
444	445
276	109
73	932
42	886
944	587
515	740
572	685
348	133
780	414
309	49
314	442
282	511
640	381
451	904
209	844
415	748
578	579
148	479
391	811
956	412
48	862
943	897
143	171
313	664
842	843
524	525
873	822
351	678
993	525
438	475
873	867
410	47
471	731
720	721
529	710
81	41
825	494
780	218
180	32
6	603
527	528
2	799
685	569
419	222
145	580
220	903
70	71
986	841
117	118
909	853
739	45
183	389
728	602
167	717
830	555
102	790
914	443
297	245
166	697
710	413
396	564
614	575
95	895
255	10
772	458
979	438
536	247
969	550
737	245
414	837
435	436
108	756
838	502
546	879
572	857
961	396
869	852
48	959
147	820
866	309
804	805
503	688
329	330
232	999
174	175
476	775
752	457
841	995
504	307
76	120
445	597
133	55
32	604
908	85
531	532
679	183
727	128
928	100
953	590
93	746
25	282
339	98
13	358
110	563
19	20
789	627
234	666
613	749
112	261
206	897
308	180
474	898
75	735
453	152
553	921
852	507
396	397
67	853
442	124
783	784
114	63
750	956
271	526
659	243
31	661
727	728
282	568
121	963
657	269
616	314
528	174
419	425
172	975
525	517
610	91
429	469
509	750
804	708
891	984
652	792
118	925
373	268
200	500
155	231
370	111
440	889
162	163
306	847
368	353
138	27
625	539
32	170
570	668
537	807
320	321
352	353
582	334
543	994
823	824
868	150
962	729
506	87
366	144
427	453
608	528
786	962
22	342
91	978
16	630
315	339
321	188
883	277
861	960
365	18
19	428
290	882
425	749
413	177
286	871
29	909
469	61
381	319
198	217
522	523
244	860
558	559
792	478
891	664
797	662
118	332
738	498
723	342
641	213
62	949
703	784
848	205
255	66
488	924
350	669
45	183
742	743
847	957
528	182
278	972
354	777
995	863
677	437
681	334
686	799
266	423
631	632
1000	729
651	779
691	242
265	999
317	202
848	893
763	366
91	964
428	701
924	76
933	934
740	96
447	212
356	371
745	784
72	666
155	189
162	770
72	382
723	69
336	48
982	728
156	369
24	842
823	891
473	66
322	323
901	508
220	105
24	755
750	114
736	723
855	153
18	250
350	351
562	270
683	313
607	114
919	179
83	84
956	940
462	179
668	452
546	52
874	244
257	258
67	991
469	614
986	774
480	345
615	42
951	284
211	207
21	942
999	938
661	255
836	679
57	668
823	703
12	751
492	120
478	479
495	450
203	278
713	917
454	455
435	478
17	584
299	613
319	60
562	606
790	263
274	568
46	894
178	769
16	984
597	193
573	328
119	901
181	846
517	518
900	573
127	252
879	16
774	492
269	693
990	313
867	555
646	460
462	816
29	367
555	243
709	710
572	573
459	798
896	757
418	347
439	505
356	812
845	846
699	747
651	300
217	218
612	246
629	854
718	674
401	686
279	280
224	120
114	943
176	993
288	551
323	16
92	681
449	434
220	959
47	380
22	23
14	298
24	777
689	986
123	682
250	22
99	85
523	122
239	165
584	835
746	354
987	227
796	560
658	751
363	473
956	473
410	532
513	885
423	988
536	651
971	263
468	671
494	495
849	556
325	816
237	684
165	44
423	813
836	991
731	306
286	933
936	437
210	48
587	755
177	749
504	794
13	14
242	995
613	593
64	525
782	783
185	191
106	123
530	301
502	346
741	334
472	916
512	988
22	977
992	9
23	19
773	883
484	508
171	705
254	656
942	180
862	784
146	239
48	227
26	27
922	167
225	502
651	603
620	933
180	136
519	520
800	738
860	620
998	965
167	168
111	344
350	904
601	251
789	62
1000	1
154	793
295	43
545	772
233	935
343	767
424	683
607	895
143	72
678	473
974	466
524	754
629	366
657	690
501	129
326	888
369	487
629	595
109	347
38	384
75	983
694	367
266	142
865	812
158	889
598	521
710	859
461	565
137	211
758	624
121	228
558	32
89	948
614	295
94	137
223	624
198	575
672	673
677	928
440	293
471	673
470	373
521	522
941	321
622	922
658	130
475	206
270	474
380	557
30	874
293	618
667	155
65	252
371	290
459	861
883	474
1	689
349	720
565	319
462	226
344	980
818	733
4	213
954	363
65	488
571	533
219	741
639	640
430	30
553	636
460	512
594	624
337	349
509	870
39	611
322	116
670	5
15	527
197	303
939	706
187	911
153	154
116	452
851	951
499	972
576	51
329	208
501	502
907	410
433	601
865	475
723	724
500	433
231	821
681	690
717	718
181	908
970	943
505	220
689	891
794	110
763	996
35	425
755	738
131	622
954	387
236	930
52	851
933	626
343	717
217	87
15	833
300	432
987	468
285	848
332	273
453	818
955	420
377	487
936	846
465	466
24	130
607	715
720	247
553	463
388	807
910	823
98	201
915	160
613	67
904	403
174	835
165	442
273	702
753	251
609	883
95	46
309	757
474	739
28	918
49	515
569	476
214	686
972	335
991	934
158	154
686	673
817	192
231	232
930	284
386	399
989	630
678	241
186	187
657	81
562	99
731	656
367	349
323	45
136	283
976	834
547	509
63	28
773	132
978	819
711	792
445	132
544	693
451	799
381	133
31	610
314	524
901	819
943	668
925	964
410	324
460	977
222	786
315	647
987	767
553	554
650	106
442	814
362	572
664	374
960	761
857	951
510	696
193	633
135	88
422	777
633	177
912	945
963	95
832	169
476	568
911	351
527	60
672	70
689	223
640	846
107	912
754	315
566	481
823	695
55	780
886	602
273	375
193	822
370	229
833	400
606	607
676	577
796	749
580	20
585	899
419	688
455	456
955	397
789	27
541	853
26	352
514	958
458	679
604	630
295	495
722	493
680	681
35	111
643	348
200	787
230	281
150	151
4	953
862	200
929	15
598	599
741	724
415	647
434	328
73	798
864	659
507	385
632	207
161	939
546	476
858	332
486	487
777	374
360	459
119	338
679	4
97	697
885	864
126	373
124	125
553	64
430	759
338	530
130	820
339	312
408	409
166	167
990	947
812	609
871	872
192	193
486	566
84	404
531	595
830	831
860	311
640	641
882	809
84	710
779	191
39	676
344	647
876	83
926	622
418	641
349	876
461	826
243	763
985	986
520	57
942	994
674	364
948	543
500	361
209	377
269	237
581	591
149	738
571	42
246	159
436	192
372	881
732	282
262	128
605	127
145	445
648	345
756	901
190	270
864	187
24	138
554	428
435	399
621	173
423	424
146	965
383	258
776	777
87	591
272	273
397	115
212	575
302	218
409	487
437	842
391	850
293	199
650	670
825	826
561	944
472	848
530	936
920	921
423	55
656	788
691	278
77	958
240	283
143	595
308	795
446	149
79	187
926	880
666	575
935	471
589	952
124	897
543	846
392	44
535	138
395	949
863	536
987	988
883	550
994	995
814	472
740	741
160	188
332	696
862	863
886	269
50	128
889	634
55	16
712	729
413	414
239	58
636	154
849	254
737	497
316	151
324	846
270	293
679	11
673	606
653	208
954	495
201	940
874	912
293	625
885	886
666	422
786	402
602	110
933	562
394	615
22	896
100	101
319	191
610	857
711	400
727	96
475	263
65	36
989	541
830	909
789	96
271	272
275	208
684	697
907	126
678	956
754	755
489	529
334	278
179	488
992	82
412	56
254	627
808	442
975	86
85	468
116	578
700	569
641	563
792	793
222	158
439	440
50	465
804	953
521	90
552	206
282	412
281	246
915	754
925	815
150	292
897	809
543	544
494	170
878	649
174	587
670	513
385	218
2	781
326	354
298	877
72	73
92	5
916	542
296	114
900	410
817	984
922	70
888	141
290	291
643	950
801	605
97	185
548	511
664	60
685	686
829	716
257	888
165	497
837	838
571	446
526	885
840	312
301	357
774	775
746	150
295	296
935	377
1000	756
922	923
939	931
404	918
986	796
655	105
583	61
794	176
55	1
64	275
48	235
864	156
97	377
853	993
31	96
636	294
379	598
154	43
102	540
285	871
80	901
506	507
319	542
253	262
818	162
294	188
370	448
842	571
910	827
316	77
194	832
447	697
444	624
511	952
819	820
16	381
479	219
938	397
720	713
876	871
680	143
566	571
380	894
573	202
470	872
894	322
754	503
211	80
580	290
77	283
294	5
925	926
16	17
878	798
501	505
299	941
634	635
884	655
296	663
226	619
114	113
634	779
107	646
989	417
335	615
770	322
391	770
937	249
652	269
487	387
907	935
182	985
99	100
727	560
751	285
336	663
858	563
666	613
186	758
112	295
197	354
211	249
574	575
56	875
488	489
352	195
711	216
217	863
845	387
715	716
14	761
474	244
514	686
804	614
94	209
418	464
63	745
453	367
640	705
570	112
357	381
11	353
560	527
215	909
321	626
316	242
282	414
59	205
715	401
592	4
700	489
443	538
119	90
574	448
950	385
683	655
340	341
936	454
939	940
317	353
766	887
695	248
105	250
403	216
650	116
842	581
709	121
758	272
796	682
172	220
785	600
741	518
253	952
705	959
152	351
820	284
622	965
472	356
195	615
974	975
756	185
163	509
646	220
309	593
252	635
575	534
332	136
673	368
81	275
745	850
834	914
311	603
287	780
120	35
725	633
831	633
747	108
968	139
728	329
671	676
521	163
971	972
572	180
203	257
104	37
867	868
977	403
374	471
557	807
530	684
237	917
585	810
279	938
730	752
560	105
377	249
656	477
834	601
830	916
364	904
599	864
556	648
545	546
169	689
628	629
504	822
716	453
326	662
197	509
235	893
624	600
1000	713
764	670
408	545
63	232
813	886
499	306
185	742
968	8
182	889
72	787
940	647
91	92
766	160
507	43
394	446
876	867
81	825
556	84
257	282
547	451
332	333
976	362
86	272
314	607
691	656
991	516
225	946
189	570
555	890
856	212
664	292
917	312
957	460
330	930
427	66
226	461
234	202
681	255
254	447
667	308
384	171
519	326
46	158
402	301
472	115
252	871
977	680
494	49
436	675
912	323
768	518
243	521
629	47
947	799
336	22
862	254
694	85
901	357
228	346
656	569
167	100
656	35
577	161
939	903
43	787
472	711
134	810
607	553
502	503
3	981
161	185
396	403
189	190
760	61
209	873
426	608
965	562
955	232
761	762
701	763
544	529
927	405
63	605
782	393
258	928
996	932
108	356
592	133
520	31
732	67
999	97
768	769
773	242
598	27
197	735
12	225
980	33
672	152
801	594
13	915
772	222
852	473
464	360
848	43
124	160
937	925
781	832
63	745
143	106
288	373
328	329
887	395
676	802
918	774
481	637
779	191
611	306
3	619
884	166
90	871
627	973
250	729
272	71
817	38
179	215
690	691
46	392
657	658
705	982
417	843
643	912
288	121
787	254
657	53
69	86
447	966
757	519
506	629
692	61
21	979
196	399
976	900
610	264
807	749
786	787
330	291
319	931
287	464
550	645
508	393
530	261
967	755
44	497
605	896
117	100
184	168
825	101
396	199
409	410
735	213
72	246
532	90
901	753
668	780
332	943
937	384
28	750
634	587
718	491
930	933
869	75
810	452
309	310
690	996
250	799
445	976
28	29
609	893
449	634
693	396
975	822
738	638
128	256
81	258
209	433
99	580
666	667
591	16
437	438
652	653
101	374
786	201
494	724
568	591
961	85
327	552
90	588
279	837
791	844
738	512
231	105
117	272
994	540
225	25
775	175
518	254
234	104
261	301
767	931
57	722
574	530
612	743
538	776
54	471
546	315
949	597
510	747
501	828
904	441
528	968
530	844
952	957
988	112
922	31
816	762
824	84
115	31
2	632
350	642
788	544
338	298
44	512
234	566
55	56
69	373
380	639
858	859
344	580
367	41
995	166
788	42
206	296
842	689
199	800
922	100
491	208
880	881
824	158
487	229
881	692
588	250
365	143
137	382
864	394
689	168
518	74
177	390
101	1
722	304
401	798
414	264
74	61
600	624
21	330
715	882
26	225
443	444
465	201
960	998
935	87
419	420
920	201
983	953
421	994
168	52
104	118
67	79
112	987
828	987
192	749
389	841
46	375
610	302
255	555
205	892
470	367
991	359
645	646
54	381
983	984
669	125
96	132
90	433
255	734
737	471
163	47
580	77
957	958
557	835
912	949
363	989
117	624
985	969
277	233
72	280
387	607
679	673
213	186
952	193
527	808
548	613
927	775
784	301
198	199
225	365
716	274
690	361
495	496
928	216
169	691
619	457
79	486
167	968
595	818
505	737
566	292
32	807
151	344
198	613
43	44
247	198
326	404
550	175
345	603
298	57
106	107
324	325
893	481
437	739
25	51
592	102
955	505
623	624
171	432
657	681
582	248
665	666
61	62
740	361
455	619
580	671
793	988
851	699
225	928
316	317
234	242
143	86
834	956
638	639
320	716
211	212
845	949
150	616
978	773
660	550
124	985
34	494
284	490
444	212
728	829
629	900
547	812
695	263
689	503
676	462
465	467
348	726
35	794
915	412
491	306
507	509
720	606
972	485
856	723
102	648
772	271
370	497
604	56
814	174
325	696
489	655
562	866
549	232
592	562
613	40
182	873
656	4
829	427
499	533
745	123
700	194
625	317
723	21
405	406
641	642
462	231
168	715
949	196
36	661
884	465
75	635
244	965
844	512
338	373
489	490
12	734
817	818
365	220
700	13
469	704
576	274
76	268
115	116
691	692
724	799
758	285
412	893
623	393
906	736
727	42
155	479
591	481
607	124
221	568
881	503
959	297
942	528
335	336
345	761
440	91
95	96
291	7
74	75
180	432
367	368
102	103
976	189
393	445
210	45
476	543
451	335
199	491
593	148
336	261
298	113
861	735
454	984
451	103
358	783
846	867
484	44
391	214
873	636
258	198
299	491
215	240
243	372
239	706
847	848
68	336
244	541
79	80
277	766
361	184
325	326
444	244
920	852
987	989
681	682
955	652
368	400
832	21
220	294
188	780
138	245
67	573
29	434
419	963
935	770
223	22
93	94
637	201
805	645
706	944
373	918
349	989
530	778
639	127
170	924
303	909
692	693
216	971
123	906
517	840
284	474
532	533
638	115
287	847
714	967
565	566
130	428
113	85
603	826
419	484
334	118
492	256
299	300
693	138
683	108
578	918
927	587
131	822
73	215
197	537
631	852
939	50
756	898
161	659
535	5
179	815
893	6
449	450
836	837
593	526
84	652
491	249
356	357
169	489
56	178
216	215
154	370
544	545
22	58
992	993
630	280
273	678
831	208
571	572
295	979
430	437
910	194
385	386
240	174
266	950
805	97
278	855
971	544
829	830
602	153
854	44
640	78
55	591
144	900
703	262
486	940
191	473
461	974
168	785
264	265
779	364
104	365
497	851
808	986
200	841
394	496
810	365
857	628
231	840
666	307
773	896
446	416
393	400
598	736
545	860
493	618
71	830
80	146
207	172
378	665
862	841
424	967
190	996
414	283
411	253
799	4
416	149
291	130
581	187
352	390
21	240
963	615
666	243
882	694
948	949
530	57
892	866
686	1
840	597
805	811
525	358
300	663
886	206
854	855
622	623
287	23
823	852
124	284
372	373
76	291
395	720
405	467
715	411
733	812
389	468
262	263
825	665
199	290
615	495
232	568
299	249
803	587
520	51
765	748
768	811
105	106
537	999
537	304
444	648
42	304
83	517
234	366
570	33
529	432
431	243
295	964
704	636
541	455
344	345
742	304
499	557
524	71
12	66
130	866
407	224
529	370
929	202
733	994
902	182
420	421
149	607
740	117
272	802
210	95
831	329
872	873
779	974
915	437
371	481
791	792
30	200
13	443
989	668
800	801
306	689
145	538
394	639
586	587
565	783
810	811
207	894
445	53
393	623
647	544
235	339
160	230
692	39
329	706
594	807
671	643
718	176
470	2
733	407
139	106
486	484
92	42
137	158
743	154
390	614
151	608
380	494
929	455
612	346
513	616
80	689
94	994
891	892
681	698
839	347
722	820
78	767
90	144
570	715
232	681
85	86
140	432
267	209
142	263
349	257
197	549
52	858
514	390
751	627
990	372
574	19
248	84
308	309
655	567
208	582
199	200
29	256
761	524
16	692
876	157
505	506
325	108
984	849
500	656
926	534
236	326
615	984
89	382
355	399
295	166
558	194
788	789
200	546
421	912
466	467
636	538
601	15
963	603
511	311
909	788
627	208
394	490
293	163
915	603
739	20
582	583
47	130
740	449
889	890
724	166
645	531
61	640
387	491
725	203
969	970
161	162
998	236
661	194
362	733
399	952
860	492
281	628
442	2
942	965
62	964
680	33
787	295
68	48
271	289
532	323
646	647
278	659
758	152
43	605
752	549
338	339
729	213
610	932
588	774
227	516
583	605
480	690
272	573
230	833
815	463
800	130
478	450
808	211
456	457
16	622
609	423
630	695
968	398
664	52
841	871
722	534
832	484
898	538
938	21
359	126
184	185
489	257
490	605
524	869
574	297
481	482
394	181
252	624
986	161
677	131
541	542
793	291
412	740
962	812
277	736
169	737
348	349
81	978
225	685
770	869
470	742
203	398
598	971
226	58
828	558
779	780
383	384
100	400
389	275
955	994
615	665
113	343
872	936
557	997
426	250
430	287
165	672
323	577
250	251
745	64
108	303
106	10
973	551
992	830
595	589
904	717
72	180
169	301
928	899
137	603
247	130
713	70
1000	255
162	615
249	766
772	773
496	323
726	864
566	623
676	395
652	559
797	760
634	809
6	924
251	406
844	946
585	82
572	753
223	572
567	568
839	450
217	225
804	637
31	825
400	314
201	343
775	731
599	720
119	120
617	37
228	957
845	992
632	659
471	76
132	308
127	198
118	533
357	567
115	242
864	977
941	982
686	682
475	90
425	679
214	8
680	609
305	179
399	814
82	814
157	334
18	957
165	48
477	651
619	175
743	744
127	128
973	974
48	49
988	666
382	383
416	88
190	191
532	919
310	791
152	950
494	846
337	197
352	9
231	797
457	184
230	472
512	187
678	718
821	97
252	530
373	208
346	210
865	866
477	437
540	551
155	940
978	979
46	286
726	643
704	705
504	255
144	204
980	479
90	91
230	231
313	834
671	79
273	588
429	623
145	934
581	781
14	868
959	343
922	184
884	862
56	686
826	538
732	955
675	842
187	188
44	428
595	596
480	481
98	384
196	770
798	262
14	15
881	882
80	634
297	703
378	195
256	76
742	695
464	754
163	255
627	340
979	907
514	184
839	363
530	108
886	569
595	541
685	354
474	355
530	323
264	795
411	406
734	735
158	159
335	171
912	263
814	840
113	833
897	759
453	274
911	428
626	757
415	537
941	838
287	319
233	234
509	253
730	17
384	756
303	153
215	216
797	459
620	905
840	12
231	365
93	198
345	725
854	746
274	664
707	708
453	11
488	197
159	126
65	378
67	895
239	959
656	237
290	304
377	464
817	27
396	936
122	260
155	833
264	713
690	108
536	639
933	224
669	105
396	30
706	187
933	767
768	844
756	144
949	950
27	884
178	990
757	645
770	465
883	463
897	963
385	972
24	25
258	651
876	336
538	765
705	589
455	636
609	193
786	437
627	965
56	986
207	465
328	776
370	635
193	510
723	214
919	351
417	909
720	85
992	801
815	994
211	181
509	327
331	393
757	227
565	21
485	266
181	553
405	799
752	264
675	369
504	682
66	79
546	849
753	131
981	454
878	573
785	261
679	680
974	895
976	969
380	381
726	608
305	625
772	580
72	720
848	849
801	802
146	753
289	10
463	464
553	560
625	714
834	98
3	562
607	468
452	914
644	463
311	177
828	829
827	542
829	76
919	775
550	383
321	818
319	136
402	906
90	141
608	404
215	578
312	805
402	169
627	798
920	783
520	323
333	510
646	380
950	793
816	849
999	906
614	584
437	484
619	493
405	599
274	589
758	506
386	78
500	49
713	407
952	868
31	327
270	981
299	586
735	32
930	148
809	962
916	922
38	894
391	320
281	282
133	134
34	572
800	383
269	270
323	128
377	690
824	165
35	566
608	609
84	201
2	690
121	975
805	806
455	434
507	481
197	63
17	127
543	330
812	763
121	843
129	777
554	555
364	534
781	782
546	30
176	733
639	288
648	803
344	258
246	72
7	239
938	582
986	228
617	58
31	2
193	841
517	566
446	894
114	965
867	243
442	531
62	177
566	436
992	361
728	630
914	143
568	767
30	444
699	700
413	677
908	693
986	675
4	986
124	373
365	783
13	199
440	781
546	632
588	520
75	519
83	606
617	618
100	838
8	967
303	601
169	316
263	747
535	757
145	660
269	686
550	320
393	354
904	905
403	400
18	19
874	71
45	80
553	997
558	201
785	786
721	249
672	199
356	308
390	391
984	813
15	384
845	388
995	491
163	597
751	952
321	698
999	166
39	107
770	771
689	690
741	735
946	521
746	609
592	203
196	197
69	834
401	402
992	612
447	425
537	538
998	516
972	714
505	218
789	404
188	475
730	880
227	228
323	486
169	945
857	827
34	732
975	867
60	901
98	883
363	819
87	538
226	78
999	561
96	581
388	149
17	35
624	644
789	688
258	962
951	511
353	48
672	970
527	608
35	387
56	25
662	48
22	284
180	647
661	430
166	883
86	638
875	624
119	738
557	979
125	285
333	334
926	175
595	272
677	802
57	664
683	105
534	192
721	528
799	800
42	832
360	361
923	137
341	517
950	676
361	173
20	197
732	512
845	54
625	14
202	850
330	909
606	884
500	501
63	363
830	329
1000	429
999	1000
968	6
104	105
583	928
840	554
560	717
796	797
77	421
618	295
749	772
108	662
191	127
606	383
884	422
180	46
751	752
583	839
764	49
856	857
997	998
996	602
671	40
357	959
41	640
339	758
830	989
649	755
579	580
877	642
865	95
751	496
304	236
755	867
437	301
778	552
762	261
774	670
560	20
252	682
769	296
931	215
332	51
931	935
442	130
189	83
966	300
19	940
649	494
727	140
376	377
750	936
74	494
134	243
532	425
38	59
241	215
298	576
6	333
148	266
863	924
725	65
491	346
466	973
195	196
844	86
917	372
744	667
248	249
209	210
842	881
609	610
557	610
605	300
327	989
213	214
578	196
714	622
363	425
985	777
588	361
931	115
620	763
855	511
845	875
147	575
621	994
76	414
948	502
764	468
223	735
421	738
846	586
916	938
252	506
157	515
867	612
687	415
548	549
210	266
900	35
357	367
212	246
519	91
773	485
912	913
979	709
758	23
872	238
37	803
983	975
980	172
103	104
689	100
449	679
386	961
869	814
770	810
158	464
419	187
155	511
589	213
689	879
265	859
974	754
647	648
273	199
91	331
671	478
301	104
716	103
126	579
515	215
194	195
28	416
47	985
686	144
735	736
398	215
89	463
678	52
473	152
995	663
810	212
380	137
606	626
990	869
404	164
194	92
378	379
976	336
302	28
86	596
369	21
793	690
608	255
288	12
251	574
757	176
362	366
266	683
578	996
89	319
844	853
286	287
405	66
228	617
338	529
360	439
319	337
689	144
976	269
886	130
341	764
158	210
82	873
882	877
821	756
409	813
382	808
60	285
136	137
975	508
322	794
778	359
942	853
466	918
226	758
764	765
819	357
940	238
752	817
285	189
382	792
273	274
994	187
161	627
727	191
474	480
976	977
447	98
550	950
469	477
409	351
972	715
833	834
854	679
403	221
242	10
666	229
666	677
622	881
770	254
3	545
693	699
731	466
789	790
912	654
4	5
204	251
929	452
64	89
321	829
616	555
862	151
619	779
20	514
757	902
270	201
467	804
388	265
842	753
869	732
715	277
354	131
728	729
758	762
841	113
844	977
862	898
717	915
689	609
84	56
83	405
562	782
431	436
759	358
112	586
538	456
18	432
313	348
179	924
94	780
118	590
949	255
582	118
997	590
519	298
220	359
905	479
957	117
3	4
808	669
609	820
394	395
381	917
918	146
407	408
80	872
502	113
344	403
395	374
860	580
488	763
626	627
302	738
896	716
750	650
427	461
748	292
319	585
618	619
620	89
25	26
700	701
636	94
966	967
824	132
386	409
707	88
46	47
75	76
349	376
750	751
559	860
763	764
567	458
192	357
624	814
807	870
584	2
547	421
717	699
498	482
238	357
556	541
578	422
418	723
198	237
809	313
570	886
50	330
270	153
149	150
370	537
482	159
904	258
190	619
385	628
52	936
763	279
838	131
251	11
908	720
344	339
264	16
994	163
573	200
633	61
888	164
98	731
571	694
72	157
585	386
189	130
284	75
34	10
951	413
886	340
902	519
340	696
671	646
48	295
593	859
609	487
413	246
578	458
490	519
421	698
814	815
251	252
866	190
751	46
741	289
418	198
892	362
701	170
686	124
674	458
540	993
575	576
456	354
238	798
230	32
152	797
836	890
659	445
152	153
163	692
431	432
315	32
671	13
50	451
799	868
915	984
259	260
836	660
691	423
297	574
529	965
472	476
189	351
468	434
647	644
146	734
844	845
178	485
563	278
607	864
161	356
264	457
401	672
944	447
790	105
453	83
174	217
80	892
930	450
490	51
313	20
622	751
975	861
362	363
226	636
198	146
374	477
563	564
375	376
375	910
149	261
784	785
104	801
570	571
152	792
786	360
372	798
68	782
753	125
246	43
22	811
681	312
842	664
998	999
227	101
500	835
765	314
625	591
910	484
254	130
202	774
463	226
196	150
863	206
360	230
426	506
593	931
149	415
29	8
637	167
780	795
599	898
240	225
347	125
470	182
859	259
851	805
179	69
69	194
715	187
124	809
78	592
899	442
252	539
522	43
522	699
540	725
284	285
511	877
357	219
44	569
882	590
170	555
782	529
507	46
487	53
458	591
440	270
907	715
495	125
432	805
466	645
717	419
76	406
949	310
553	790
359	526
205	371
731	732
662	4
556	343
668	768
2	3
116	844
933	862
709	966
130	131
818	8
267	268
895	138
582	846
396	690
658	659
168	169
280	281
109	750
899	810
57	550
714	715
353	411
794	327
501	349
129	456
75	185
445	446
543	735
67	598
934	180
594	55
228	332
488	461
258	613
504	505
475	864
389	145
287	615
792	717
667	668
584	695
485	486
893	315
398	186
521	825
236	237
857	858
756	386
177	928
277	215
193	66
278	491
753	934
336	280
834	644
559	142
788	392
261	373
610	747
801	323
323	844
457	789
870	448
584	987
964	957
304	481
539	504
719	272
603	604
131	576
111	913
175	341
351	8
310	920
289	413
239	113
98	569
212	775
815	704
35	394
722	723
130	976
230	146
775	568
515	734
280	616
967	669
135	136
649	612
440	688
843	719
958	111
639	940
28	96
370	683
828	822
146	147
247	174
728	767
770	351
940	989
750	628
832	368
109	328
560	561
431	949
459	735
685	59
759	123
464	491
900	68
538	298
972	171
511	16
888	889
373	374
644	608
921	76
593	381
114	333
763	962
258	259
783	126
658	26
79	797
380	709
701	560
750	112
325	588
54	55
613	380
222	894
785	258
830	260
600	515
392	947
802	134
763	885
547	879
307	362
123	223
885	608
391	640
228	230
924	17
365	761
390	342
870	871
374	259
26	61
245	24
753	293
941	730
863	864
920	384
876	601
176	533
269	257
929	26
932	507
194	514
86	36
729	533
126	607
982	186
275	705
34	317
862	583
45	586
196	622
982	983
453	373
730	81
711	958
136	756
939	546
423	769
82	122
223	737
45	46
321	212
322	27
860	495
915	480
490	252
570	435
917	955
78	276
479	480
576	125
9	320
470	934
57	862
851	568
839	484
435	863
108	224
760	994
723	189
592	593
383	713
305	815
682	39
616	970
609	422
945	771
445	919
828	760
42	755
316	375
43	133
944	448
737	738
271	576
12	263
220	716
149	417
677	194
630	631
465	813
605	606
850	962
182	183
181	182
591	592
357	785
954	941
777	854
207	208
859	860
549	638
921	255
164	436
688	294
621	32
815	349
651	230
847	234
122	736
957	925
932	562
809	908
646	532
967	968
893	389
445	218
450	535
931	932
692	473
188	951
666	12
513	670
161	995
430	241
343	981
467	8
309	683
570	906
258	951
518	963
447	571
918	616
185	631
68	822
709	269
240	923
196	573
564	176
447	489
559	155
946	334
337	387
265	519
317	897
609	20
625	150
949	692
500	320
492	493
119	285
510	571
157	805
182	876
972	541
975	804
148	904
168	484
481	554
193	130
202	467
598	162
35	123
282	323
724	291
210	594
63	261
798	368
354	894
515	119
700	743
987	393
506	69
335	174
106	909
342	143
934	935
855	362
109	896
424	86
222	790
941	942
770	389
393	241
366	355
814	52
878	395
128	129
715	238
516	249
175	576
303	600
381	754
219	401
382	590
403	150
618	27
837	621
547	917
10	11
294	38
293	971
675	811
676	861
689	991
856	304
256	861
130	389
543	192
171	244
750	69
1	586
389	16
630	875
296	327
405	977
223	920
227	523
125	126
807	400
463	362
653	781
960	961
857	578
933	953
245	246
257	482
360	441
469	790
210	355
346	152
287	231
618	739
802	803
637	692
509	237
900	833
992	74
343	625
55	708
750	993
992	500
557	320
679	612
286	415
111	112
786	743
462	533
516	158
188	182
97	494
928	929
748	760
766	167
697	698
679	162
642	58
462	566
400	170
766	100
671	94
159	160
718	719
818	394
89	588
921	805
850	671
162	305
833	537
86	976
296	297
607	983
573	390
381	852
969	676
942	256
661	572
739	740
486	247
148	396
144	644
208	539
730	809
550	796
472	780
11	704
684	445
154	981
411	412
950	931
6	662
996	92
421	422
779	404
266	267
824	148
537	210
596	875
246	122
765	756
204	551
838	342
738	321
633	634
78	734
748	4
672	663
741	742
859	263
428	526
906	309
202	999
306	716
779	724
951	115
495	551
531	825
81	565
575	498
47	105
901	718
590	853
52	219
343	331
551	853
470	857
862	610
330	549
998	758
369	212
25	521
61	566
977	295
467	932
574	409
898	282
204	467
350	147
230	39
564	582
752	233
56	11
392	393
390	843
689	335
663	266
520	779
505	397
726	819
351	494
195	806
276	975
787	524
738	344
97	739
307	627
552	182
566	342
98	228
965	966
285	174
431	481
303	369
747	452
332	990
733	292
762	620
700	574
973	125
85	46
440	441
296	197
499	896
669	138
208	359
745	155
963	128
338	606
822	515
460	336
155	466
893	394
469	299
727	582
178	179
656	657
391	377
450	673
45	604
353	354
189	785
490	491
525	526
117	40
873	90
246	743
818	763
29	369
666	762
589	317
606	314
931	888
341	922
405	818
737	6
462	168
268	17
300	301
682	683
486	821
637	787
392	683
180	27
473	48
469	613
663	146
168	902
43	997
162	960
802	549
360	330
921	872
543	116
28	261
965	362
283	707
290	367
93	123
305	630
797	798
927	409
879	638
525	99
89	655
78	149
813	846
191	811
1000	108
914	915
491	965
928	409
49	89
214	449
820	108
660	661
730	435
996	625
457	573
785	26
25	626
888	113
917	447
854	848
392	145
346	220
140	703
829	560
29	137
38	788
606	429
587	123
899	245
111	924
516	517
107	372
337	475
491	775
959	335
57	431
733	98
186	61
965	18
853	429
608	266
31	423
930	931
597	326
744	745
426	611
974	39
978	720
13	450
126	571
553	857
972	735
815	15
90	684
963	964
45	287
842	216
163	841
682	547
664	98
271	942
994	918
590	973
966	18
990	729
217	717
223	975
123	639
969	807
323	985
40	143
340	675
235	758
316	893
277	160
913	1
427	352
334	376
130	390
669	578
701	481
258	893
312	4
892	893
449	447
588	389
443	485
107	108
223	32
422	145
601	602
55	698
12	795
533	682
406	956
515	516
760	156
440	265
196	454
83	484
513	915
650	234
860	649
781	211
52	248
277	278
537	256
355	167
501	857
692	711
995	765
962	963
295	782
39	495
365	611
428	627
339	535
100	187
698	699
623	277
459	56
550	154
890	891
713	702
387	388
756	916
32	33
783	881
249	250
410	411
235	449
697	603
616	300
223	224
592	373
945	946
884	407
497	265
374	741
973	472
969	746
762	534
735	763
840	533
397	996
819	779
89	90
406	324
831	872
642	636
629	163
167	566
865	661
916	494
68	490
285	353
790	611
60	61
302	186
752	708
172	593
869	870
875	276
87	503
53	181
606	82
870	166
171	98
298	299
934	120
560	669
692	515
313	314
730	276
974	739
577	578
853	57
740	430
124	975
762	643
347	614
556	557
236	517
283	272
368	79
263	264
861	862
971	766
481	380
110	416
595	189
576	996
364	909
395	533
627	878
698	874
758	701
380	359
728	162
30	31
989	618
353	271
59	3
525	145
901	107
120	633
883	537
182	832
737	421
691	218
275	276
552	553
552	720
833	828
424	727
15	16
476	493
757	653
157	118
954	955
7	6
897	572
184	299
44	302
404	835
811	332
47	48
981	648
627	628
124	212
584	184
912	908
669	445
666	738
818	686
828	874
513	514
133	151
667	499
330	235
595	188
721	722
908	679
14	31
725	629
342	917
326	389
123	313
178	928
839	679
420	336
426	662
919	145
300	523
276	338
306	238
645	961
717	370
348	647
558	515
903	519
33	725
536	471
354	636
849	850
518	87
355	344
241	992
835	650
137	621
396	852
853	854
553	152
927	508
584	557
646	179
364	365
7	315
915	521
818	302
810	434
323	507
573	108
478	460
283	550
415	825
273	293
778	516
47	320
293	804
876	115
140	900
745	475
291	492
341	435
275	432
684	685
274	977
730	503
468	753
517	714
911	262
659	875
350	801
660	769
198	744
393	608
733	734
325	366
454	385
216	787
323	234
388	89
201	702
234	280
494	402
321	170
981	23
989	376
229	516
677	730
516	861
847	135
991	745
370	146
826	827
776	719
598	819
669	193
674	853
407	423
707	126
491	523
523	732
54	1000
283	766
227	1
220	480
32	694
67	68
896	202
68	806
971	763
270	129
862	979
184	728
915	916
766	181
52	307
512	513
650	434
737	968
71	72
815	495
404	608
765	861
974	647
258	224
953	954
245	662
773	774
13	701
145	158
59	60
875	520
840	576
549	631
624	979
503	119
115	940
190	721
811	812
20	159
99	13
330	331
122	870
197	436
65	606
778	274
34	35
170	171
800	186
210	211
969	22
423	600
649	306
292	638
792	592
561	433
766	767
938	939
469	312
177	557
573	535
465	536
58	243
684	718
953	183
269	635
779	819
775	182
557	552
271	136
847	817
398	1
709	95
548	808
598	304
714	754
258	596
824	348
931	131
37	38
297	177
36	216
806	395
620	397
651	919
472	325
961	485
482	716
704	39
71	722
16	820
426	427
663	468
2	498
780	515
524	557
203	302
188	20
35	373
530	531
388	856
463	777
102	474
956	621
188	483
423	747
65	145
507	508
55	124
729	730
172	739
177	701
958	525
20	369
118	292
385	404
243	609
670	671
868	614
747	748
359	190
542	861
933	314
25	451
467	912
550	649
579	12
336	838
213	546
162	13
172	865
97	393
129	501
633	248
472	595
423	445
350	295
972	973
438	566
803	849
660	546
856	522
101	901
739	144
865	726
559	560
941	302
409	9
624	625
102	133
288	356
415	519
897	898
900	901
671	238
729	98
131	132
347	48
366	547
342	130
694	292
714	882
503	936
8	560
906	907
405	852
352	381
304	711
4	536
813	124
496	497
635	700
246	706
95	143
260	261
382	688
577	189
495	560
78	647
921	325
904	793
734	263
70	709
142	113
476	538
40	971
590	591
424	188
842	201
104	631
899	365
473	336
503	470
632	193
757	989
899	716
941	723
290	366
151	883
752	656
229	230
871	199
650	871
324	219
755	653
540	268
431	338
371	873
355	912
217	288
154	10
868	11
198	468
850	220
504	697
527	993
665	413
997	480
762	64
813	931
526	527
153	618
511	182
559	541
673	795
806	959
508	509
289	415
573	574
735	725
894	1
215	489
380	367
687	682
496	881
478	506
225	164
820	796
988	864
955	99
896	897
398	767
990	162
895	358
19	109
434	303
237	238
502	683
531	464
2	415
437	556
888	820
267	118
929	716
865	439
10	115
216	584
703	228
371	760
943	974
698	91
167	765
1	531
553	72
614	615
637	597
27	28
212	675
198	199
335	604
63	64
286	942
812	245
494	729
674	675
592	348
149	153
754	693
587	314
485	648
73	440
591	175
347	156
414	228
193	107
770	61
134	175
352	323
14	306
891	669
395	396
379	339
704	394
976	900
692	970
392	166
91	574
994	187
589	617
924	805
231	276
968	567
68	843
642	948
325	789
241	147
114	678
699	661
286	763
308	623
498	499
636	992
226	648
222	377
61	855
194	614
98	933
91	376
690	182
178	873
334	537
525	108
356	124
470	471
359	971
403	198
27	882
220	221
178	747
911	749
798	73
903	298
575	457
540	541
192	856
282	283
859	319
462	463
803	804
565	461
761	344
490	496
690	847
503	353
358	809
655	127
365	796
770	588
359	56
86	497
857	351
1	2
76	819
221	222
269	222
55	500
964	710
878	580
199	366
452	811
491	279
568	659
300	369
331	635
12	630
408	325
120	106
877	965
256	257
7	8
427	341
462	198
632	845
148	178
630	637
206	820
31	32
530	929
85	94
925	10
601	872
477	245
780	781
281	832
20	734
75	378
142	143
142	459
493	494
112	566
795	796
684	467
567	54
530	44
628	783
838	888
460	511
995	566
635	734
197	29
662	564
969	378
741	668
104	312
108	490
356	389
886	431
738	666
583	227
775	776
969	18
971	559
658	316
686	610
62	678
606	53
222	777
110	427
718	778
767	502
280	230
749	979
152	688
614	382
941	182
425	320
627	664
539	596
898	835
175	285
235	188
269	421
530	170
63	527
899	900
73	756
838	839
34	495
984	543
27	602
188	568
921	501
803	442
694	700
622	505
549	342
576	577
784	73
548	51
472	387
688	689
476	477
192	213
181	942
779	936
896	364
100	736
113	703
467	184
940	78
977	978
995	996
406	531
295	109
731	352
34	371
202	317
923	924
972	294
509	510
155	167
240	191
914	792
846	324
560	415
523	238
666	591
658	344
554	904
166	585
706	707
549	833
676	911
928	544
972	313
654	239
104	661
51	915
902	286
616	977
400	631
671	907
135	975
999	106
80	502
570	303
387	534
311	264
957	907
402	646
314	130
132	133
316	68
947	969
799	225
222	223
309	418
644	645
1000	91
176	177
978	643
822	502
72	968
481	180
736	537
528	763
335	412
828	155
68	69
170	16
747	16
57	285
348	851
837	280
927	743
181	197
675	744
58	59
338	966
981	982
611	677
16	414
712	989
298	768
303	175
584	585
812	813
545	876
658	898
55	77
762	880
401	308
436	929
390	746
172	173
432	433
977	830
765	836
308	682
258	81
241	242
55	301
587	588
887	930
554	311
161	498
737	698
579	419
6	746
908	945
331	265
668	669
438	846
366	779
523	435
512	189
71	823
134	811
547	480
445	794
677	507
425	726
763	564
630	87
278	45
713	436
433	828
499	552
191	922
63	680
964	842
399	871
974	852
183	184
551	552
695	696
596	45
605	932
651	652
22	675
155	781
17	995
80	731
489	882
483	159
107	486
327	791
837	884
351	994
559	90
334	173
52	393
2	433
39	40
118	89
555	228
460	461
450	833
884	708
978	525
660	847
171	927
625	931
623	224
59	631
650	27
624	541
276	805
257	371
730	527
677	628
956	957
273	557
112	528
380	993
491	429
928	309
122	896
85	667
283	285
128	71
344	560
158	126
823	492
557	587
175	938
287	698
768	570
889	629
84	648
468	99
273	669
761	23
212	213
147	696
274	275
351	332
828	217
152	929
640	423
871	482
822	876
894	828
8	637
464	621
871	90
662	778
576	987
160	161
862	484
211	680
952	807
705	706
673	384
192	588
766	237
263	369
906	601
5	453
751	409
839	932
610	611
734	281
376	926
765	670
918	666
433	388
742	238
811	142
13	286
110	111
606	773
721	353
263	899
215	419
887	888
775	29
779	15
811	75
550	551
62	898
568	516
666	40
191	241
222	250
633	404
658	637
87	111
611	95
397	110
465	35
645	102
821	809
975	602
658	783
593	183
746	103
880	373
968	502
276	60
525	990
114	498
615	616
369	610
641	848
959	127
695	165
125	260
644	522
211	442
575	275
885	326
663	664
232	637
602	603
673	817
798	793
784	695
331	495
936	49
363	293
54	413
536	993
405	716
1	904
397	727
161	24
826	298
390	828
813	814
469	202
589	155
855	856
487	303
909	974
963	438
588	951
214	984
773	23
415	668
190	262
535	631
973	982
883	775
893	961
765	374
721	198
999	436
367	281
893	212
914	169
728	284
52	436
115	191
144	232
222	811
457	280
787	947
763	159
153	656
83	978
453	80
69	107
713	4
788	199
928	929
498	152
969	238
643	50
579	173
227	266
527	86
814	670
846	290
19	286
672	644
101	337
644	122
547	802
554	324
266	83
161	998
342	322
217	584
56	686
773	116
960	575
600	804
166	417
684	389
708	880
261	106
956	775
381	642
944	409
76	77
646	35
935	527
83	345
226	358
570	682
356	71
766	767
451	570
745	746
614	39
154	20
137	799
247	490
98	826
574	845
47	89
520	519
924	925
469	470
384	889
710	221
384	977
756	757
603	490
668	752
363	537
784	90
938	303
886	82
963	252
77	641
820	153
843	311
543	876
383	747
516	902
376	637
910	665
871	119
620	327
115	310
723	971
933	431
827	529
34	801
827	828
95	181
513	671
820	412
13	812
823	349
771	431
674	546
553	478
136	140
771	772
129	130
834	835
987	903
479	470
158	765
161	579
251	573
723	78
513	706
383	648
441	442
795	483
113	757
511	965
598	247
83	736
331	332
715	141
444	861
562	289
771	218
555	160
662	603
411	529
233	56
4	975
385	624
349	146
662	587
968	969
561	562
527	943
220	893
190	144
63	793
737	211
758	517
840	865
622	792
711	280
178	846
516	646
543	578
98	148
331	835
496	591
181	637
40	41
595	279
521	597
116	463
696	697
938	305
145	258
989	263
566	658
732	590
26	185
726	956
905	906
129	509
821	468
601	637
651	442
916	761
693	670
10	287
155	192
636	525
856	723
569	360
112	349
642	266
109	787
907	908
49	230
640	348
1000	917
27	736
77	360
840	841
755	428
122	123
870	368
565	441
204	901
649	308
307	14
956	927
67	997
329	778
97	858
294	975
194	660
16	456
